date,state,cases,deaths,cases_per_capita,deaths_per_capita,population,pop_density,hospitals,increase_cases,increase_deaths,bills_health,bills_econ,health_enacted,econ_enacted,y1,y2,percent
3/9/20,Tennessee,4,0,0.1,0,6829174,157.5,100,0,0,5,3,0,0,,,
3/16/20,Tennessee,52,0,0.8,0,6829174,157.5,100,48,0,5,3,0,0,,,
3/23/20,Tennessee,522,2,7.6,0,6829174,157.5,100,470,2,7,4,0,0,1,,8.791666667
3/30/20,Tennessee,1721,13,25.2,0.2,6829174,157.5,100,1199,11,7,4,1,1,0,,1.55106383
4/6/20,Tennessee,3753,65,55,1,6829174,157.5,100,2032,52,7,4,3,3,0,,0.694745621
4/13/20,Tennessee,5483,114,80.3,1.7,6829174,157.5,100,1730,49,7,4,3,3,0,,-0.148622047
4/20/20,Tennessee,7015,162,102.7,2.4,6829174,157.5,100,1532,48,7,4,3,3,0,,-0.114450867
4/27/20,Tennessee,9796,192,143.4,2.8,6829174,157.5,100,2781,30,7,4,3,3,0,,0.815274151
5/4/20,Tennessee,13343,225,195.4,3.3,6829174,157.5,100,3547,33,7,4,3,3,1,,1.931612892